Arrival time - 100 procesow
[10, 19, 21, 14, 36, 23, 31, 31, 39, 50, 32, 2, 46, 0, 50, 42, 47, 23, 28, 20, 12, 15, 0, 8, 46, 11, 18, 4, 28, 22, 43, 34, 5, 28, 6, 37, 8, 4, 14, 7, 22, 29, 15, 14, 16, 49, 36, 19, 22, 15, 16, 41, 40, 9, 35, 8, 10, 21, 45, 11, 1, 0, 7, 8, 13, 19, 18, 47, 17, 26, 50, 30, 43, 33, 14, 23, 48, 39, 23, 21, 49, 28, 12, 46, 36, 18, 8, 11, 37, 37, 19, 27, 29, 33, 13, 40, 43, 1, 35, 50]

[43, 38, 40, 5, 12, 20, 6, 12, 18, 23, 44, 3, 17, 8, 12, 37, 14, 35, 11, 41, 47, 42, 8, 29, 5, 41, 50, 7, 22, 22, 7, 34, 6, 42, 2, 11, 48, 49, 7, 2, 34, 42, 35, 8, 39, 48, 4, 19, 25, 33, 0, 28, 34, 42, 48, 48, 27, 3, 23, 34, 10, 22, 15, 22, 37, 10, 3, 12, 28, 40, 27, 38, 38, 2, 10, 22, 0, 46, 8, 44, 35, 15, 43, 4, 35, 6, 39, 16, 32, 7, 20, 25, 20, 36, 49, 2, 34, 12, 15, 32]

[30, 9, 37, 22, 9, 31, 35, 32, 33, 41, 44, 16, 2, 18, 12, 16, 12, 27, 16, 9, 49, 44, 0, 40, 5, 44, 35, 12, 47, 0, 28, 38, 31, 1, 29, 15, 12, 27, 7, 41, 4, 2, 17, 11, 5, 32, 15, 9, 40, 40, 40, 24, 14, 50, 24, 8, 42, 5, 34, 50, 47, 7, 49, 21, 40, 40, 50, 6, 13, 27, 14, 19, 15, 8, 28, 42, 8, 19, 42, 21, 2, 24, 12, 8, 46, 10, 3, 21, 23, 28, 28, 18, 29, 49, 35, 23, 12, 15, 3, 13]

Burst time - 100 procesow
[21, 30, 24, 32, 18, 35, 31, 39, 19, 38, 20, 37, 29, 17, 48, 49, 23, 36, 30, 23, 20, 26, 11, 28, 27, 10, 30, 40, 25, 11, 49, 37, 8, 47, 5, 24, 18, 17, 30, 45, 11, 30, 40, 15, 16, 40, 42, 50, 28, 36, 50, 23, 11, 20, 26, 43, 3, 15, 24, 32, 37, 20, 43, 42, 26, 21, 34, 17, 38, 12, 10, 4, 36, 38, 27, 39, 30, 36, 2, 2, 17, 31, 43, 39, 42, 29, 29, 47, 26, 20, 26, 50, 30, 7, 30, 43, 33, 26, 34, 14]

[20, 2, 27, 20, 29, 8, 6, 18, 9, 32, 25, 0, 1, 50, 37, 26, 21, 25, 38, 48, 34, 45, 14, 1, 24, 0, 42, 50, 47, 24, 7, 13, 41, 9, 33, 9, 12, 41, 45, 5, 29, 25, 14, 19, 18, 43, 31, 34, 8, 2, 42, 15, 0, 44, 28, 22, 15, 22, 4, 38, 23, 9, 49, 32, 37, 37, 21, 32, 7, 41, 49, 25, 19, 23, 23, 11, 41, 29, 19, 8, 46, 29, 46, 48, 50, 35, 48, 30, 31, 49, 7, 45, 28, 3, 43, 2, 18, 31, 11, 14]

[16, 43, 19, 43, 37, 11, 13, 38, 32, 38, 3, 14, 48, 23, 9, 13, 8, 26, 17, 46, 34, 12, 39, 41, 24, 25, 2, 5, 5, 49, 22, 1, 15, 1, 40, 31, 0, 28, 5, 31, 15, 5, 6, 29, 49, 6, 16, 30, 27, 27, 36, 38, 33, 7, 7, 4, 20, 4, 43, 5, 24, 33, 41, 24, 20, 9, 30, 2, 35, 11, 30, 0, 9, 30, 39, 46, 38, 7, 4, 20, 27, 36, 24, 18, 29, 24, 11, 7, 28, 9, 18, 35, 19, 50, 12, 45, 22, 15, 48, 33]

1 zestaw danych:
FCFS:
Average Trun Around Time : 1358,770000
Average Waiting Time : 1330,850000
SJF:
Average Trun Around Time : 1119,420000
Average Waiting Time : 1091,500000

2 zestaw danych: 
FCFS: 
Average Trun Around Time : 1238,160000
Average Waiting Time : 1212,760000
SJF:
Average Trun Around Time : 1019,280000
Average Waiting Time : 993,880000

3 zestaw danych: 
FCFS:
Average Trun Around Time : 1142,200000
Average Waiting Time : 1119,440000
SJF:
Average Trun Around Time : 894,290000
Average Waiting Time : 871,530000