100 STRON

Zestawy danych:
[7, 7, 10, 17, 7, 17, 20, 5, 20, 20, 3, 7, 8, 9, 17, 6, 17, 10, 5, 17, 5, 7, 11, 11, 7, 8, 7, 19, 12, 6, 3, 1, 11, 15, 20, 17, 4, 12, 9, 11, 11, 6, 17, 7, 19, 16, 2, 13, 19, 1, 3, 11, 7, 16, 4, 4, 11, 9, 3, 12, 10, 6, 17, 19, 6, 19, 10, 6, 9, 16, 18, 10, 15, 17, 2, 11, 6, 8, 2, 14, 11, 15, 7, 17, 9, 3, 19, 20, 3, 8, 19, 8, 13, 15, 13, 16, 16, 18, 20, 7]

[15, 9, 7, 16, 20, 11, 11, 6, 4, 5, 2, 3, 9, 3, 13, 6, 16, 12, 11, 16, 20, 20, 20, 10, 14, 14, 3, 12, 1, 16, 10, 11, 9, 7, 6, 11, 18, 16, 15, 12, 11, 4, 2, 20, 9, 14, 17, 6, 4, 17, 20, 7, 2, 11, 2, 8, 11, 17, 10, 2, 15, 4, 17, 3, 8, 10, 17, 7, 14, 17, 8, 11, 16, 20, 10, 9, 16, 10, 10, 15, 12, 8, 15, 17, 16, 11, 17, 20, 15, 18, 20, 8, 18, 7, 16, 19, 20, 18, 16, 15]

[10, 15, 15, 3, 14, 14, 18, 19, 9, 6, 19, 20, 7, 15, 19, 13, 17, 10, 20, 13, 10, 6, 6, 19, 12, 19, 12, 9, 3, 3, 4, 3, 10, 11, 8, 13, 1, 19, 11, 19, 5, 12, 14, 17, 4, 5, 8, 18, 19, 18, 10, 17, 10, 4, 2, 17, 15, 10, 16, 5, 1, 7, 12, 8, 15, 11, 15, 12, 16, 13, 11, 14, 3, 2, 6, 10, 2, 17, 6, 1, 13, 15, 20, 2, 1, 16, 14, 20, 4, 4, 14, 5, 16, 1, 6, 12, 2, 17, 8, 6]



Zestaw danych 1
FIFO:  Number of Page Faults: 74
LRU:  Number of Page Faults: 75


Zestaw danych 2
FIFO:  Number of Page Faults: 81
LRU:  Number of Page Faults: 80


Zestaw danych 3
FIFO:  Number of Page Faults: 79
LRU:  Number of Page Faults: 79